16,3
4,86
4,13
4,84
4,38
4,19
4,71
4,5
4,7
13,2
4,23
4,34
4,73
4,30
4,17
4,78
14,2
4,85
4,92
4,35
4,90
4,12
4,70
4,40
4,26
4,41
4,16
4,4
4,24
4,87
4,80
4,65
4,10
4,72
4,1
4,29
4,2
4,3
6,6
6,8
6,4
6,7
6,1
6,5
6,2
6,3
7,6
7,12
7,15
7,14
7,4
7,11
7,1
7,16
7,2
7,3
5,4
5,2
5,1
5,3
23,52
23,51
23,50
23,49
23,48
23,47
23,46
23,45
23,44
23,43
23,42
23,41
23,40
23,39
23,38
23,37
23,36
23,35
3,2
10,28
10,22
10,2
10,3
11,12
11,11
11,7
11,2
11,3
9,5
9,2
9,3
8,10
8,9
8,11
8,4
8,2
8,3
12,2
12,1
12,3
20,2
20,1
20,3
19,2
19,1
19,3
11,30
11,29
11,28
11,27
11,26
11,25
11,24
11,23
11,22
11,1
18,1
11,21
10,316
10,315
10,314
10,313
10,312
10,311
10,310
10,309
10,308
10,307
10,306
10,305
